1569932135 2
1571826845 48954
1571827976 48985
1571828056 48985
1571829163 48985
1571829600 48992
1571830151 48992
1572295983 49072
1572296145 49074
1572296216 49074
1572359192 49190
1572362964 415874
1572363264 367070
1572370444 379366
1572379641 379392
1572379685 485902
1572381798 485956
1572471206 485958
1572471276 439904
1572510582 773865
1572528719 856431
1572791409 946540
1572867922 946559
1572937165 946564
1572937951 946570
1572942919 946581
1572961979 946584
1572962002 946683
1572962191 946683
1573320074 982348
1573320168 982349
1573320321 982386
1573419648 982373
1573477598 982372
1574197490 992372
1574198791 1383671
1574199394 1383670
1574199720 1383673
1574199779 1383680
1574258395 1383680
1574271160 1383705
1574293041 1383705
1574293147 1383589
1574293237 1383683
1574355063 1383734
1574355188 1383726
1574368361 1383736
1574541796 1389223
1574542339 1389353
1574542441 1389431
1574554504 1389415
1574558725 1389430
1574616381 1389486
1574616575 1389531
1574638990 1389660
1574639059 1389813
1574647538 1389814
1574652246 1389877
1574720845 1389884
1574720892 1389883
1574734334 1389883
